总用户服务质量: 26.6640
URLLC平均QoS: 0.9500
eMBB平均QoS: 0.1591
mMTC平均QoS: 0.3575
接入决策: [2 1 3 3 0 3 2 0 2 3 2 0 0 0 3 2 2 2 1 2 0 3 2 1 2 0 2 总用户服务质量: 26.6640
URLLC平均QoS: 0.9500
eMBB平均QoS: 0.1591
mMTC平均QoS: 0.3575
接入决策: [2 1 3 3 0 3 2 0 2 3 2 0 0 0 3 2 2 2 1 2 0 3 2 1 2 0 2 eMBB平均QoS: 0.1591
mMTC平均QoS: 0.3575
接入决策: [2 1 3 3 0 3 2 0 2 3 2 0 0 0 3 2 2 2 1 2 0 3 2 1 2 0 2 1 0 1 3 3 0 2 1 2 3
 0 0 0 3 0 0 0 1 2 2 3 1 1 1 3 0 0 3 0 1 0 3 0 0 2 3 3 3 0 2 0 2 接入决策: [2 1 3 3 0 3 2 0 2 3 2 0 0 0 3 2 2 2 1 2 0 3 2 1 2 0 2 1 0 1 3 3 0 2 1 2 3
 0 0 0 3 0 0 0 1 2 2 3 1 1 1 3 0 0 3 0 1 0 3 0 0 2 3 3 3 0 2 0 2 0]
1 0 1 3 3 0 2 1 2 3
 0 0 0 3 0 0 0 1 2 2 3 1 1 1 3 0 0 3 0 1 0 3 0 0 2 3 3 3 0 2 0 2 0]
功率控制 (dBm): [40. 30. 30. 30.]
资源分配统计:
0]
功率控制 (dBm): [40. 30. 30. 30.]
资源分配统计:
功率控制 (dBm): [40. 30. 30. 30.]
资源分配统计:
  MBS_1: 100/100 资源块
  SBS_1: 50/50 资源块
资源分配统计:
  MBS_1: 100/100 资源块
  SBS_1: 50/50 资源块
  MBS_1: 100/100 资源块
  SBS_1: 50/50 资源块
  SBS_2: 50/50 资源块
  SBS_1: 50/50 资源块
  SBS_2: 50/50 资源块
  SBS_3: 50/50 资源块
  SBS_3: 50/50 资源块
--------------------------------------------------